                   precision    recall  f1-score   support

             abiu     0.6418    0.5890    0.6143        73
             acai     0.6410    0.6944    0.6667        72
          acerola     0.6727    0.5000    0.5736        74
            ackee     0.7073    0.8056    0.7532        72
        ambarella     0.5000    0.5205    0.5101        73
            apple     0.5750    0.6301    0.6013        73
          apricot     0.5200    0.5417    0.5306        72
          avocado     0.5000    0.7260    0.5922        73
           banana     0.7531    0.8243    0.7871        74
        barbadine     0.5273    0.4028    0.4567        72
         barberry     0.7077    0.6389    0.6715        72
        betel_nut     0.5484    0.6986    0.6145        73
     bitter_gourd     0.8571    0.7397    0.7941        73
      black_berry     0.4722    0.4658    0.4690        73
  black_mullberry     0.7213    0.6027    0.6567        73
       brazil_nut     0.6410    0.6944    0.6667        72
        camu_camu     0.6118    0.7222    0.6624        72
           cashew     0.6667    0.6849    0.6757        73
         cempedak     0.7193    0.5616    0.6308        73
           chenet     0.6456    0.7083    0.6755        72
        cherimoya     0.4091    0.4932    0.4472        73
            chico     0.3900    0.5417    0.4535        72
       chokeberry     0.5921    0.6164    0.6040        73
      cluster_fig     0.5857    0.5541    0.5694        74
          coconut     0.5312    0.6986    0.6036        73
      corn_kernel     0.8182    0.7500    0.7826        72
        cranberry     0.3913    0.4932    0.4364        73
          cupuacu     0.6714    0.6528    0.6620        72
    custard_apple     0.2769    0.2432    0.2590        74
           damson     0.7042    0.6757    0.6897        74
         dewberry     0.4375    0.4795    0.4575        73
      dragonfruit     0.8636    0.7808    0.8201        73
           durian     0.7973    0.8082    0.8027        73
         eggplant     0.8030    0.7361    0.7681        72
       elderberry     0.5761    0.7260    0.6424        73
           emblic     0.6842    0.7027    0.6933        74
           feijoa     0.5294    0.6164    0.5696        73
              fig     0.7089    0.7671    0.7368        73
      finger_lime     0.7969    0.7083    0.7500        72
       gooseberry     0.6897    0.5556    0.6154        72
            goumi     0.7681    0.7361    0.7518        72
            grape     0.7500    0.6986    0.7234        73
       grapefruit     0.5443    0.5972    0.5695        72
        greengage     0.4815    0.5342    0.5065        73
       grenadilla     0.4091    0.3699    0.3885        73
            guava     0.5132    0.5342    0.5235        73
        hard_kiwi     0.6133    0.6301    0.6216        73
         hawthorn     0.5067    0.5205    0.5135        73
         hog_plum     0.4468    0.2838    0.3471        74
     horned_melon     0.8548    0.7361    0.7910        72
indian_strawberry     0.4643    0.3611    0.4062        72
       jaboticaba     0.6897    0.8219    0.7500        73
        jackfruit     0.5667    0.7083    0.6296        72
         jalapeno     0.8219    0.8108    0.8163        74
   jamaica_cherry     0.6964    0.5493    0.6142        71
           jambul     0.6438    0.6528    0.6483        72
           jocote     0.6327    0.4189    0.5041        74
           jujube     0.5926    0.4324    0.5000        74
      kaffir_lime     0.9231    0.6575    0.7680        73
          kumquat     0.5176    0.6111    0.5605        72
           lablab     0.6835    0.7500    0.7152        72
          langsat     0.7317    0.8219    0.7742        73
           longan     0.6842    0.7222    0.7027        72
           mabolo     0.6479    0.6216    0.6345        74
      malay_apple     0.4533    0.4595    0.4564        74
        mandarine     0.8140    0.4861    0.6087        72
            mango     0.5286    0.5139    0.5211        72
       mangosteen     0.6824    0.7945    0.7342        73
           medlar     0.6452    0.8219    0.7229        73
  mock_strawberry     0.4875    0.5342    0.5098        73
          morinda     0.7949    0.8611    0.8267        72
 mountain_soursop     0.6842    0.5342    0.6000        73
         oil_palm     0.7681    0.7361    0.7518        72
            olive     0.7636    0.5753    0.6562        73
   otaheite_apple     0.5538    0.5000    0.5255        72
           papaya     0.6184    0.6438    0.6309        73
    passion_fruit     0.5968    0.5139    0.5522        72
           pawpaw     0.4737    0.5000    0.4865        72
              pea     0.8358    0.7671    0.8000        73
        pineapple     0.8732    0.8493    0.8611        73
          plumcot     0.4928    0.4658    0.4789        73
      pomegranate     0.8209    0.7534    0.7857        73
      prikly_pear     0.7846    0.7083    0.7445        72
           quince     0.6029    0.5694    0.5857        72
         rambutan     0.8378    0.8378    0.8378        74
        raspberry     0.6901    0.6806    0.6853        72
       redcurrant     0.6456    0.6986    0.6711        73
         rose_hip     0.7101    0.6712    0.6901        73
rose_leaf_bramble     0.6203    0.6806    0.6490        72
            salak     0.8169    0.7945    0.8056        73
           santol     0.5795    0.6986    0.6335        73
        sapodilla     0.5667    0.4722    0.5152        72
    sea_buckthorn     0.8438    0.7397    0.7883        73
 strawberry_guava     0.5750    0.6301    0.6013        73
      sugar_apple     0.4190    0.5946    0.4916        74
    taxus_baccata     0.8462    0.7639    0.8029        72
       ugli_fruit     0.8000    0.7222    0.7591        72
    white_currant     0.8310    0.8082    0.8194        73
        yali_pear     0.8052    0.8493    0.8267        73
      yellow_plum     0.4853    0.4521    0.4681        73

         accuracy                         0.6360      7275
        macro avg     0.6442    0.6361    0.6361      7275
     weighted avg     0.6440    0.6360    0.6360      7275
